# Blender v2.93.1 OBJ File: 'donuuutt.blendttttt.blend'
# www.blender.org
mtllib SprinklesRect.mtl
o Cube.002_Cube
v -0.024324 0.012028 0.011322
v -0.022409 0.012633 0.015025
v -0.024324 0.016185 0.010643
v -0.022409 0.016790 0.014346
v -0.020572 0.011719 0.009432
v -0.018657 0.012324 0.013135
v -0.020572 0.015876 0.008753
v -0.018657 0.016481 0.012456
vt 0.375000 0.000000
vt 0.625000 0.000000
vt 0.625000 0.250000
vt 0.375000 0.250000
vt 0.625000 0.500000
vt 0.375000 0.500000
vt 0.625000 0.750000
vt 0.375000 0.750000
vt 0.625000 1.000000
vt 0.375000 1.000000
vt 0.125000 0.500000
vt 0.125000 0.750000
vt 0.875000 0.500000
vt 0.875000 0.750000
vn -0.8907 0.0733 0.4486
vn 0.0000 0.9869 -0.1612
vn 0.8907 -0.0733 -0.4486
vn 0.0000 -0.9869 0.1612
vn -0.4546 -0.1436 -0.8791
vn 0.4546 0.1436 0.8791
usemtl None
s off
f 1/1/1 2/2/1 4/3/1 3/4/1
f 3/4/2 4/3/2 8/5/2 7/6/2
f 7/6/3 8/5/3 6/7/3 5/8/3
f 5/8/4 6/7/4 2/9/4 1/10/4
f 3/11/5 7/6/5 5/8/5 1/12/5
f 8/5/6 4/13/6 2/14/6 6/7/6
o Cube.003_Cube
v -0.111845 0.039574 0.001045
v -0.108766 0.045008 0.001150
v -0.111845 0.039454 0.007289
v -0.108766 0.044887 0.007394
v -0.117279 0.042652 0.001104
v -0.114201 0.048085 0.001209
v -0.117279 0.042532 0.007349
v -0.114201 0.047965 0.007454
vt 0.375000 0.000000
vt 0.625000 0.000000
vt 0.625000 0.250000
vt 0.375000 0.250000
vt 0.625000 0.500000
vt 0.375000 0.500000
vt 0.625000 0.750000
vt 0.375000 0.750000
vt 0.625000 1.000000
vt 0.375000 1.000000
vt 0.125000 0.500000
vt 0.125000 0.750000
vt 0.875000 0.500000
vt 0.875000 0.750000
vn 0.8701 -0.4928 -0.0095
vn -0.0000 -0.0193 0.9998
vn -0.8701 0.4928 0.0095
vn 0.0000 0.0193 -0.9998
vn -0.4929 -0.8699 -0.0168
vn 0.4929 0.8699 0.0168
usemtl None
s off
f 9/15/7 10/16/7 12/17/7 11/18/7
f 11/18/8 12/17/8 16/19/8 15/20/8
f 15/20/9 16/19/9 14/21/9 13/22/9
f 13/22/10 14/21/10 10/23/10 9/24/10
f 11/25/11 15/20/11 13/22/11 9/26/11
f 16/19/12 12/27/12 10/28/12 14/21/12
o Cube.004_Cube
v -0.089101 0.039709 0.063998
v -0.085559 0.042873 0.066851
v -0.089101 0.036000 0.068112
v -0.085559 0.039164 0.070965
v -0.093361 0.042340 0.066369
v -0.089819 0.045503 0.069222
v -0.093361 0.038630 0.070484
v -0.089819 0.041794 0.073337
vt 0.375000 0.000000
vt 0.625000 0.000000
vt 0.625000 0.250000
vt 0.375000 0.250000
vt 0.625000 0.500000
vt 0.375000 0.500000
vt 0.625000 0.750000
vt 0.375000 0.750000
vt 0.625000 1.000000
vt 0.375000 1.000000
vt 0.125000 0.500000
vt 0.125000 0.750000
vt 0.875000 0.500000
vt 0.875000 0.750000
vn 0.7690 -0.4748 -0.4281
vn 0.0000 -0.6697 0.7427
vn -0.7690 0.4748 0.4281
vn 0.0000 0.6697 -0.7427
vn -0.6393 -0.5711 -0.5150
vn 0.6393 0.5711 0.5150
usemtl None
s off
f 17/29/13 18/30/13 20/31/13 19/32/13
f 19/32/14 20/31/14 24/33/14 23/34/14
f 23/34/15 24/33/15 22/35/15 21/36/15
f 21/36/16 22/35/16 18/37/16 17/38/16
f 19/39/17 23/34/17 21/36/17 17/40/17
f 24/33/18 20/41/18 18/42/18 22/35/18
o Cube.005_Cube
v -0.098335 0.054748 0.008158
v -0.092533 0.058626 0.008102
v -0.098335 0.054849 0.015136
v -0.092533 0.058727 0.015079
v -0.102213 0.060549 0.008074
v -0.096412 0.064426 0.008017
v -0.102213 0.060650 0.015051
v -0.096412 0.064528 0.014995
vt 0.375000 0.000000
vt 0.625000 0.000000
vt 0.625000 0.250000
vt 0.375000 0.250000
vt 0.625000 0.500000
vt 0.375000 0.500000
vt 0.625000 0.750000
vt 0.375000 0.750000
vt 0.625000 1.000000
vt 0.375000 1.000000
vt 0.125000 0.500000
vt 0.125000 0.750000
vt 0.875000 0.500000
vt 0.875000 0.750000
vn 0.5558 -0.8313 0.0121
vn -0.0000 0.0145 0.9999
vn -0.5558 0.8313 -0.0121
vn 0.0000 -0.0145 -0.9999
vn -0.8313 -0.5557 0.0081
vn 0.8313 0.5557 -0.0081
usemtl None
s off
f 25/43/19 26/44/19 28/45/19 27/46/19
f 27/46/20 28/45/20 32/47/20 31/48/20
f 31/48/21 32/47/21 30/49/21 29/50/21
f 29/50/22 30/49/22 26/51/22 25/52/22
f 27/53/23 31/48/23 29/50/23 25/54/23
f 32/47/24 28/55/24 26/56/24 30/49/24
o Cube.006_Cube
v -0.077284 0.050663 0.071754
v -0.073486 0.053695 0.074112
v -0.077284 0.047347 0.076017
v -0.073486 0.050379 0.078376
v -0.081125 0.053661 0.074086
v -0.077327 0.056693 0.076444
v -0.081125 0.050344 0.078349
v -0.077327 0.053376 0.080707
vt 0.375000 0.000000
vt 0.625000 0.000000
vt 0.625000 0.250000
vt 0.375000 0.250000
vt 0.625000 0.500000
vt 0.375000 0.500000
vt 0.625000 0.750000
vt 0.375000 0.750000
vt 0.625000 1.000000
vt 0.375000 1.000000
vt 0.125000 0.500000
vt 0.125000 0.750000
vt 0.875000 0.500000
vt 0.875000 0.750000
vn 0.7111 -0.5549 -0.4317
vn 0.0000 -0.6140 0.7893
vn -0.7111 0.5549 0.4317
vn -0.0000 0.6140 -0.7893
vn -0.7031 -0.5613 -0.4366
vn 0.7031 0.5613 0.4366
usemtl None
s off
f 33/57/25 34/58/25 36/59/25 35/60/25
f 35/60/26 36/59/26 40/61/26 39/62/26
f 39/62/27 40/61/27 38/63/27 37/64/27
f 37/64/28 38/63/28 34/65/28 33/66/28
f 35/67/29 39/62/29 37/64/29 33/68/29
f 40/61/30 36/69/30 34/70/30 38/63/30
o Cube.007_Cube
v -0.075453 0.062099 0.040332
v -0.069301 0.063802 0.040559
v -0.075453 0.061256 0.046664
v -0.069301 0.062960 0.046891
v -0.077172 0.068197 0.041143
v -0.071020 0.069901 0.041370
v -0.077172 0.067355 0.047476
v -0.071020 0.069059 0.047702
vt 0.375000 0.000000
vt 0.625000 0.000000
vt 0.625000 0.250000
vt 0.375000 0.250000
vt 0.625000 0.500000
vt 0.375000 0.500000
vt 0.625000 0.750000
vt 0.375000 0.750000
vt 0.625000 1.000000
vt 0.375000 1.000000
vt 0.125000 0.500000
vt 0.125000 0.750000
vt 0.875000 0.500000
vt 0.875000 0.750000
vn 0.2690 -0.9547 -0.1270
vn -0.0000 -0.1318 0.9913
vn -0.2690 0.9547 0.1270
vn -0.0000 0.1318 -0.9913
vn -0.9631 -0.2667 -0.0355
vn 0.9631 0.2667 0.0355
usemtl None
s off
f 41/71/31 42/72/31 44/73/31 43/74/31
f 43/74/32 44/73/32 48/75/32 47/76/32
f 47/76/33 48/75/33 46/77/33 45/78/33
f 45/78/34 46/77/34 42/79/34 41/80/34
f 43/81/35 47/76/35 45/78/35 41/82/35
f 48/75/36 44/83/36 42/84/36 46/77/36
o Cube.008_Cube
v -0.079614 0.065196 0.011699
v -0.074793 0.066091 0.011756
v -0.079614 0.064887 0.016592
v -0.074793 0.065782 0.016649
v -0.080510 0.070006 0.012003
v -0.075690 0.070901 0.012059
v -0.080510 0.069697 0.016896
v -0.075690 0.070592 0.016953
vt 0.375000 0.000000
vt 0.625000 0.000000
vt 0.625000 0.250000
vt 0.375000 0.250000
vt 0.625000 0.500000
vt 0.375000 0.500000
vt 0.625000 0.750000
vt 0.375000 0.750000
vt 0.625000 1.000000
vt 0.375000 1.000000
vt 0.125000 0.500000
vt 0.125000 0.750000
vt 0.875000 0.500000
vt 0.875000 0.750000
vn 0.1829 -0.9812 -0.0619
vn 0.0000 -0.0630 0.9980
vn -0.1829 0.9812 0.0619
vn 0.0000 0.0630 -0.9980
vn -0.9831 -0.1825 -0.0115
vn 0.9831 0.1825 0.0115
usemtl None
s off
f 49/85/37 50/86/37 52/87/37 51/88/37
f 51/88/38 52/87/38 56/89/38 55/90/38
f 55/90/39 56/89/39 54/91/39 53/92/39
f 53/92/40 54/91/40 50/93/40 49/94/40
f 51/95/41 55/90/41 53/92/41 49/96/41
f 56/89/42 52/97/42 50/98/42 54/91/42
o Cube.009_Cube
v -0.073517 0.065266 0.018157
v -0.067553 0.065916 0.018216
v -0.073517 0.064724 0.024132
v -0.067553 0.065374 0.024191
v -0.074170 0.071205 0.018696
v -0.068206 0.071856 0.018755
v -0.074170 0.070664 0.024671
v -0.068206 0.071314 0.024730
vt 0.375000 0.000000
vt 0.625000 0.000000
vt 0.625000 0.250000
vt 0.375000 0.250000
vt 0.625000 0.500000
vt 0.375000 0.500000
vt 0.625000 0.750000
vt 0.375000 0.750000
vt 0.625000 1.000000
vt 0.375000 1.000000
vt 0.125000 0.500000
vt 0.125000 0.750000
vt 0.875000 0.500000
vt 0.875000 0.750000
vn 0.1088 -0.9900 -0.0898
vn 0.0000 -0.0903 0.9959
vn -0.1088 0.9900 0.0898
vn -0.0000 0.0903 -0.9959
vn -0.9941 -0.1084 -0.0098
vn 0.9941 0.1084 0.0098
usemtl None
s off
f 57/99/43 58/100/43 60/101/43 59/102/43
f 59/102/44 60/101/44 64/103/44 63/104/44
f 63/104/45 64/103/45 62/105/45 61/106/45
f 61/106/46 62/105/46 58/107/46 57/108/46
f 59/109/47 63/104/47 61/106/47 57/110/47
f 64/103/48 60/111/48 58/112/48 62/105/48
o Cube.010_Cube
v -0.064735 0.057771 0.078452
v -0.059783 0.059589 0.079727
v -0.064735 0.054654 0.082895
v -0.059783 0.056472 0.084170
v -0.066955 0.061825 0.081297
v -0.062003 0.063642 0.082572
v -0.066955 0.058708 0.085739
v -0.062003 0.060525 0.087014
vt 0.375000 0.000000
vt 0.625000 0.000000
vt 0.625000 0.250000
vt 0.375000 0.250000
vt 0.625000 0.500000
vt 0.375000 0.500000
vt 0.625000 0.750000
vt 0.375000 0.750000
vt 0.625000 1.000000
vt 0.375000 1.000000
vt 0.125000 0.500000
vt 0.125000 0.750000
vt 0.875000 0.500000
vt 0.875000 0.750000
vn 0.4091 -0.7470 -0.5241
vn -0.0000 -0.5744 0.8186
vn -0.4091 0.7470 0.5241
vn 0.0000 0.5744 -0.8186
vn -0.9125 -0.3348 -0.2350
vn 0.9125 0.3348 0.2350
usemtl None
s off
f 65/113/49 66/114/49 68/115/49 67/116/49
f 67/116/50 68/115/50 72/117/50 71/118/50
f 71/118/51 72/117/51 70/119/51 69/120/51
f 69/120/52 70/119/52 66/121/52 65/122/52
f 67/123/53 71/118/53 69/120/53 65/124/53
f 72/117/54 68/125/54 66/126/54 70/119/54
o Cube.011_Cube
v -0.059561 0.065532 0.055762
v -0.054093 0.066486 0.055802
v -0.059561 0.065297 0.061307
v -0.054093 0.066251 0.061348
v -0.060516 0.070995 0.055993
v -0.055048 0.071949 0.056033
v -0.060516 0.070760 0.061538
v -0.055048 0.071714 0.061579
vt 0.375000 0.000000
vt 0.625000 0.000000
vt 0.625000 0.250000
vt 0.375000 0.250000
vt 0.625000 0.500000
vt 0.375000 0.500000
vt 0.625000 0.750000
vt 0.375000 0.750000
vt 0.625000 1.000000
vt 0.375000 1.000000
vt 0.125000 0.500000
vt 0.125000 0.750000
vt 0.875000 0.500000
vt 0.875000 0.750000
vn 0.1720 -0.9842 -0.0417
vn -0.0000 -0.0423 0.9991
vn -0.1720 0.9842 0.0417
vn -0.0000 0.0423 -0.9991
vn -0.9851 -0.1719 -0.0073
vn 0.9851 0.1719 0.0073
usemtl None
s off
f 73/127/55 74/128/55 76/129/55 75/130/55
f 75/130/56 76/129/56 80/131/56 79/132/56
f 79/132/57 80/131/57 78/133/57 77/134/57
f 77/134/58 78/133/58 74/135/58 73/136/58
f 75/137/59 79/132/59 77/134/59 73/138/59
f 80/131/60 76/139/60 74/140/60 78/133/60
o Cube.012_Cube
v -0.054834 0.064563 0.034878
v -0.049001 0.063917 0.034954
v -0.054834 0.065249 0.040707
v -0.049001 0.064603 0.040783
v -0.054183 0.070357 0.034196
v -0.048350 0.069710 0.034272
v -0.054183 0.071042 0.040025
v -0.048350 0.070396 0.040102
vt 0.375000 0.000000
vt 0.625000 0.000000
vt 0.625000 0.250000
vt 0.375000 0.250000
vt 0.625000 0.500000
vt 0.375000 0.500000
vt 0.625000 0.750000
vt 0.375000 0.750000
vt 0.625000 1.000000
vt 0.375000 1.000000
vt 0.125000 0.500000
vt 0.125000 0.750000
vt 0.875000 0.500000
vt 0.875000 0.750000
vn -0.1109 -0.9870 0.1161
vn 0.0000 0.1168 0.9932
vn 0.1109 0.9870 -0.1161
vn -0.0000 -0.1168 -0.9932
vn -0.9938 0.1101 -0.0130
vn 0.9938 -0.1101 0.0130
usemtl None
s off
f 81/141/61 82/142/61 84/143/61 83/144/61
f 83/144/62 84/143/62 88/145/62 87/146/62
f 87/146/63 88/145/63 86/147/63 85/148/63
f 85/148/64 86/147/64 82/149/64 81/150/64
f 83/151/65 87/146/65 85/148/65 81/152/65
f 88/145/66 84/153/66 82/154/66 86/147/66
o Cube.013_Cube
v -0.054295 0.062934 0.002538
v -0.049305 0.060303 0.002660
v -0.054295 0.063195 0.008175
v -0.049305 0.060564 0.008297
v -0.051661 0.067919 0.002308
v -0.046671 0.065288 0.002429
v -0.051661 0.068180 0.007944
v -0.046671 0.065549 0.008066
vt 0.375000 0.000000
vt 0.625000 0.000000
vt 0.625000 0.250000
vt 0.375000 0.250000
vt 0.625000 0.500000
vt 0.375000 0.500000
vt 0.625000 0.750000
vt 0.375000 0.750000
vt 0.625000 1.000000
vt 0.375000 1.000000
vt 0.125000 0.500000
vt 0.125000 0.750000
vt 0.875000 0.500000
vt 0.875000 0.750000
vn -0.4668 -0.8834 0.0409
vn 0.0000 0.0462 0.9989
vn 0.4668 0.8834 -0.0409
vn -0.0000 -0.0462 -0.9989
vn -0.8844 0.4663 -0.0216
vn 0.8844 -0.4663 0.0216
usemtl None
s off
f 89/155/67 90/156/67 92/157/67 91/158/67
f 91/158/68 92/157/68 96/159/68 95/160/68
f 95/160/69 96/159/69 94/161/69 93/162/69
f 93/162/70 94/161/70 90/163/70 89/164/70
f 91/165/71 95/160/71 93/162/71 89/166/71
f 96/159/72 92/167/72 90/168/72 94/161/72
o Cube.014_Cube
v -0.043653 0.046268 0.101298
v -0.039486 0.046905 0.102429
v -0.043653 0.042465 0.103440
v -0.039486 0.043102 0.104571
v -0.044952 0.048314 0.104929
v -0.040784 0.048951 0.106061
v -0.044952 0.044510 0.107071
v -0.040784 0.045147 0.108203
vt 0.375000 0.000000
vt 0.625000 0.000000
vt 0.625000 0.250000
vt 0.375000 0.250000
vt 0.625000 0.500000
vt 0.375000 0.500000
vt 0.625000 0.750000
vt 0.375000 0.750000
vt 0.625000 1.000000
vt 0.375000 1.000000
vt 0.125000 0.500000
vt 0.125000 0.750000
vt 0.875000 0.500000
vt 0.875000 0.750000
vn 0.2974 -0.4685 -0.8319
vn -0.0000 -0.8713 0.4907
vn -0.2974 0.4685 0.8319
vn 0.0000 0.8713 -0.4907
vn -0.9548 -0.1459 -0.2591
vn 0.9548 0.1459 0.2591
usemtl None
s off
f 97/169/73 98/170/73 100/171/73 99/172/73
f 99/172/74 100/171/74 104/173/74 103/174/74
f 103/174/75 104/173/75 102/175/75 101/176/75
f 101/176/76 102/175/76 98/177/76 97/178/76
f 99/179/77 103/174/77 101/176/77 97/180/77
f 104/173/78 100/181/78 98/182/78 102/175/78
o Cube.015_Cube
v -0.038207 0.061765 0.081765
v -0.031532 0.061779 0.081772
v -0.038207 0.059063 0.087868
v -0.031532 0.059077 0.087874
v -0.038223 0.067868 0.084467
v -0.031548 0.067882 0.084474
v -0.038223 0.065166 0.090570
v -0.031548 0.065180 0.090577
vt 0.375000 0.000000
vt 0.625000 0.000000
vt 0.625000 0.250000
vt 0.375000 0.250000
vt 0.625000 0.500000
vt 0.375000 0.500000
vt 0.625000 0.750000
vt 0.375000 0.750000
vt 0.625000 1.000000
vt 0.375000 1.000000
vt 0.125000 0.500000
vt 0.125000 0.750000
vt 0.875000 0.500000
vt 0.875000 0.750000
vn 0.0024 -0.9144 -0.4048
vn -0.0000 -0.4049 0.9144
vn -0.0024 0.9144 0.4048
vn 0.0000 0.4049 -0.9144
vn -1.0000 -0.0022 -0.0010
vn 1.0000 0.0022 0.0010
usemtl None
s off
f 105/183/79 106/184/79 108/185/79 107/186/79
f 107/186/80 108/185/80 112/187/80 111/188/80
f 111/188/81 112/187/81 110/189/81 109/190/81
f 109/190/82 110/189/82 106/191/82 105/192/82
f 107/193/83 111/188/83 109/190/83 105/194/83
f 112/187/84 108/195/84 106/196/84 110/189/84
o Cube.016_Cube
v -0.036484 0.065126 0.055683
v -0.031503 0.064071 0.055812
v -0.036484 0.065745 0.060739
v -0.031503 0.064690 0.060868
v -0.035421 0.070071 0.055078
v -0.030440 0.069016 0.055207
v -0.035421 0.070690 0.060134
v -0.030440 0.069634 0.060263
vt 0.375000 0.000000
vt 0.625000 0.000000
vt 0.625000 0.250000
vt 0.375000 0.250000
vt 0.625000 0.500000
vt 0.375000 0.500000
vt 0.625000 0.750000
vt 0.375000 0.750000
vt 0.625000 1.000000
vt 0.375000 1.000000
vt 0.125000 0.500000
vt 0.125000 0.750000
vt 0.875000 0.500000
vt 0.875000 0.750000
vn -0.2087 -0.9707 0.1188
vn 0.0000 0.1214 0.9926
vn 0.2087 0.9707 -0.1188
vn -0.0000 -0.1214 -0.9926
vn -0.9780 0.2072 -0.0253
vn 0.9780 -0.2072 0.0253
usemtl None
s off
f 113/197/85 114/198/85 116/199/85 115/200/85
f 115/200/86 116/199/86 120/201/86 119/202/86
f 119/202/87 120/201/87 118/203/87 117/204/87
f 117/204/88 118/203/88 114/205/88 113/206/88
f 115/207/89 119/202/89 117/204/89 113/208/89
f 120/201/90 116/209/90 114/210/90 118/203/90
o Cube.017_Cube
v -0.036792 0.064780 0.053830
v -0.031703 0.063630 0.054028
v -0.036792 0.065664 0.058975
v -0.031703 0.064514 0.059173
v -0.035625 0.069795 0.052969
v -0.030536 0.068645 0.053166
v -0.035625 0.070679 0.058114
v -0.030536 0.069529 0.058311
vt 0.375000 0.000000
vt 0.625000 0.000000
vt 0.625000 0.250000
vt 0.375000 0.250000
vt 0.625000 0.500000
vt 0.375000 0.500000
vt 0.625000 0.750000
vt 0.375000 0.750000
vt 0.625000 1.000000
vt 0.375000 1.000000
vt 0.125000 0.500000
vt 0.125000 0.750000
vt 0.875000 0.500000
vt 0.875000 0.750000
vn -0.2235 -0.9606 0.1651
vn 0.0000 0.1693 0.9856
vn 0.2235 0.9606 -0.1651
vn 0.0000 -0.1693 -0.9856
vn -0.9747 0.2203 -0.0378
vn 0.9747 -0.2203 0.0378
usemtl None
s off
f 121/211/91 122/212/91 124/213/91 123/214/91
f 123/214/92 124/213/92 128/215/92 127/216/92
f 127/216/93 128/215/93 126/217/93 125/218/93
f 125/218/94 126/217/94 122/219/94 121/220/94
f 123/221/95 127/216/95 125/218/95 121/222/95
f 128/215/96 124/223/96 122/224/96 126/217/96
o Cube.018_Cube
v -0.041447 0.057496 0.026258
v -0.035588 0.054372 0.027373
v -0.041447 0.059758 0.032600
v -0.035588 0.056633 0.033714
v -0.038129 0.063014 0.024290
v -0.032271 0.059890 0.025405
v -0.038129 0.065276 0.030632
v -0.032271 0.062151 0.031746
vt 0.375000 0.000000
vt 0.625000 0.000000
vt 0.625000 0.250000
vt 0.375000 0.250000
vt 0.625000 0.500000
vt 0.375000 0.500000
vt 0.625000 0.750000
vt 0.375000 0.750000
vt 0.625000 1.000000
vt 0.375000 1.000000
vt 0.125000 0.500000
vt 0.125000 0.750000
vt 0.875000 0.500000
vt 0.875000 0.750000
vn -0.4927 -0.8196 0.2923
vn -0.0000 0.3359 0.9419
vn 0.4927 0.8196 -0.2923
vn 0.0000 -0.3359 -0.9419
vn -0.8702 0.4641 -0.1655
vn 0.8702 -0.4641 0.1655
usemtl None
s off
f 129/225/97 130/226/97 132/227/97 131/228/97
f 131/228/98 132/227/98 136/229/98 135/230/98
f 135/230/99 136/229/99 134/231/99 133/232/99
f 133/232/100 134/231/100 130/233/100 129/234/100
f 131/235/101 135/230/101 133/232/101 129/236/101
f 136/229/102 132/237/102 130/238/102 134/231/102
o Cube.019_Cube
v -0.028037 0.056344 0.038082
v -0.024218 0.055073 0.038807
v -0.028037 0.058371 0.041634
v -0.024218 0.057099 0.042360
v -0.026573 0.059661 0.036189
v -0.022754 0.058390 0.036915
v -0.026573 0.061688 0.039742
v -0.022754 0.060416 0.040467
vt 0.375000 0.000000
vt 0.625000 0.000000
vt 0.625000 0.250000
vt 0.375000 0.250000
vt 0.625000 0.500000
vt 0.375000 0.500000
vt 0.625000 0.750000
vt 0.375000 0.750000
vt 0.625000 1.000000
vt 0.375000 1.000000
vt 0.125000 0.500000
vt 0.125000 0.750000
vt 0.875000 0.500000
vt 0.875000 0.750000
vn -0.3580 -0.8110 0.4627
vn 0.0000 0.4956 0.8686
vn 0.3580 0.8110 -0.4627
vn -0.0000 -0.4956 -0.8686
vn -0.9337 0.3109 -0.1774
vn 0.9337 -0.3109 0.1774
usemtl None
s off
f 137/239/103 138/240/103 140/241/103 139/242/103
f 139/242/104 140/241/104 144/243/104 143/244/104
f 143/244/105 144/243/105 142/245/105 141/246/105
f 141/246/106 142/245/106 138/247/106 137/248/106
f 139/249/107 143/244/107 141/246/107 137/250/107
f 144/243/108 140/251/108 138/252/108 142/245/108
o Cube.020_Cube
v -0.037333 0.049225 0.003261
v -0.034147 0.044586 0.003824
v -0.037333 0.049906 0.008875
v -0.034147 0.045268 0.009438
v -0.032661 0.052388 0.002877
v -0.029475 0.047749 0.003440
v -0.032661 0.053069 0.008491
v -0.029475 0.048431 0.009054
vt 0.375000 0.000000
vt 0.625000 0.000000
vt 0.625000 0.250000
vt 0.375000 0.250000
vt 0.625000 0.500000
vt 0.375000 0.500000
vt 0.625000 0.750000
vt 0.375000 0.750000
vt 0.625000 1.000000
vt 0.375000 1.000000
vt 0.125000 0.500000
vt 0.125000 0.750000
vt 0.875000 0.500000
vt 0.875000 0.750000
vn -0.8262 -0.5593 0.0679
vn 0.0000 0.1205 0.9927
vn 0.8262 0.5593 -0.0679
vn 0.0000 -0.1205 -0.9927
vn -0.5634 0.8202 -0.0996
vn 0.5634 -0.8202 0.0996
usemtl None
s off
f 145/253/109 146/254/109 148/255/109 147/256/109
f 147/256/110 148/255/110 152/257/110 151/258/110
f 151/258/111 152/257/111 150/259/111 149/260/111
f 149/260/112 150/259/112 146/261/112 145/262/112
f 147/263/113 151/258/113 149/260/113 145/264/113
f 152/257/114 148/265/114 146/266/114 150/259/114
o Cube.021_Cube
v -0.034429 0.043289 0.000799
v -0.031268 0.037667 0.002024
v -0.034429 0.044687 0.007213
v -0.031268 0.039065 0.008439
v -0.028675 0.046378 0.000125
v -0.025514 0.040756 0.001351
v -0.028675 0.047776 0.006540
v -0.025514 0.042154 0.007765
vt 0.375000 0.000000
vt 0.625000 0.000000
vt 0.625000 0.250000
vt 0.375000 0.250000
vt 0.625000 0.500000
vt 0.375000 0.500000
vt 0.625000 0.750000
vt 0.375000 0.750000
vt 0.625000 1.000000
vt 0.375000 1.000000
vt 0.125000 0.500000
vt 0.125000 0.750000
vt 0.875000 0.500000
vt 0.875000 0.750000
vn -0.8764 -0.4705 0.1026
vn 0.0000 0.2130 0.9771
vn 0.8764 0.4705 -0.1026
vn -0.0000 -0.2130 -0.9771
vn -0.4815 0.8563 -0.1867
vn 0.4815 -0.8563 0.1867
usemtl None
s off
f 153/267/115 154/268/115 156/269/115 155/270/115
f 155/270/116 156/269/116 160/271/116 159/272/116
f 159/272/117 160/271/117 158/273/117 157/274/117
f 157/274/118 158/273/118 154/275/118 153/276/118
f 155/277/119 159/272/119 157/274/119 153/278/119
f 160/271/120 156/279/120 154/280/120 158/273/120
o Cube.022_Cube
v -0.032033 0.042127 0.013597
v -0.027538 0.037985 0.016864
v -0.032033 0.046420 0.019038
v -0.027538 0.042278 0.022306
v -0.026757 0.045656 0.010812
v -0.022262 0.041514 0.014080
v -0.026757 0.049949 0.016254
v -0.022262 0.045807 0.019522
vt 0.375000 0.000000
vt 0.625000 0.000000
vt 0.625000 0.250000
vt 0.375000 0.250000
vt 0.625000 0.500000
vt 0.375000 0.500000
vt 0.625000 0.750000
vt 0.375000 0.750000
vt 0.625000 1.000000
vt 0.375000 1.000000
vt 0.125000 0.500000
vt 0.125000 0.750000
vt 0.875000 0.500000
vt 0.875000 0.750000
vn -0.7612 -0.5092 0.4017
vn 0.0000 0.6194 0.7851
vn 0.7612 0.5092 -0.4017
vn -0.0000 -0.6194 -0.7851
vn -0.6485 0.5976 -0.4715
vn 0.6485 -0.5976 0.4715
usemtl None
s off
f 161/281/121 162/282/121 164/283/121 163/284/121
f 163/284/122 164/283/122 168/285/122 167/286/122
f 167/286/123 168/285/123 166/287/123 165/288/123
f 165/288/124 166/287/124 162/289/124 161/290/124
f 163/291/125 167/286/125 165/288/125 161/292/125
f 168/285/126 164/293/126 162/294/126 166/287/126
o Cube.023_Cube
v -0.027773 0.041922 0.018731
v -0.024466 0.039775 0.020925
v -0.027773 0.045148 0.021886
v -0.024466 0.043001 0.024081
v -0.024703 0.044235 0.016367
v -0.021396 0.042088 0.018562
v -0.024703 0.047460 0.019522
v -0.021396 0.045313 0.021717
vt 0.375000 0.000000
vt 0.625000 0.000000
vt 0.625000 0.250000
vt 0.375000 0.250000
vt 0.625000 0.500000
vt 0.375000 0.500000
vt 0.625000 0.750000
vt 0.375000 0.750000
vt 0.625000 1.000000
vt 0.375000 1.000000
vt 0.125000 0.500000
vt 0.125000 0.750000
vt 0.875000 0.500000
vt 0.875000 0.750000
vn -0.6804 -0.5125 0.5239
vn 0.0000 0.7148 0.6993
vn 0.6804 0.5125 -0.5238
vn 0.0000 -0.7148 -0.6993
vn -0.7328 0.4758 -0.4864
vn 0.7328 -0.4758 0.4864
usemtl None
s off
f 169/295/127 170/296/127 172/297/127 171/298/127
f 171/298/128 172/297/128 176/299/128 175/300/128
f 175/300/129 176/299/129 174/301/129 173/302/129
f 173/302/130 174/301/130 170/303/130 169/304/130
f 171/305/131 175/300/131 173/302/131 169/306/131
f 176/299/132 172/307/132 170/308/132 174/301/132
o Cube.024_Cube
v -0.029489 0.036949 0.013127
v -0.025186 0.033551 0.016781
v -0.029489 0.041774 0.017614
v -0.025186 0.038376 0.021268
v -0.024499 0.039879 0.009976
v -0.020196 0.036481 0.013630
v -0.024499 0.044704 0.014463
v -0.020196 0.041306 0.018117
vt 0.375000 0.000000
vt 0.625000 0.000000
vt 0.625000 0.250000
vt 0.375000 0.250000
vt 0.625000 0.500000
vt 0.375000 0.500000
vt 0.625000 0.750000
vt 0.375000 0.750000
vt 0.625000 1.000000
vt 0.375000 1.000000
vt 0.125000 0.500000
vt 0.125000 0.750000
vt 0.875000 0.500000
vt 0.875000 0.750000
vn -0.7573 -0.4447 0.4782
vn -0.0000 0.7323 0.6810
vn 0.7573 0.4447 -0.4782
vn 0.0000 -0.7323 -0.6810
vn -0.6531 0.5157 -0.5545
vn 0.6531 -0.5157 0.5545
usemtl None
s off
f 177/309/133 178/310/133 180/311/133 179/312/133
f 179/312/134 180/311/134 184/313/134 183/314/134
f 183/314/135 184/313/135 182/315/135 181/316/135
f 181/316/136 182/315/136 178/317/136 177/318/136
f 179/319/137 183/314/137 181/316/137 177/320/137
f 184/313/138 180/321/138 178/322/138 182/315/138
o Cube.025_Cube
v -0.024756 0.058581 0.091186
v -0.019719 0.058646 0.091215
v -0.024756 0.056502 0.095774
v -0.019719 0.056567 0.095804
v -0.024827 0.063168 0.093264
v -0.019790 0.063233 0.093294
v -0.024827 0.061090 0.097853
v -0.019790 0.061155 0.097882
vt 0.375000 0.000000
vt 0.625000 0.000000
vt 0.625000 0.250000
vt 0.375000 0.250000
vt 0.625000 0.500000
vt 0.375000 0.500000
vt 0.625000 0.750000
vt 0.375000 0.750000
vt 0.625000 1.000000
vt 0.375000 1.000000
vt 0.125000 0.500000
vt 0.125000 0.750000
vt 0.875000 0.500000
vt 0.875000 0.750000
vn 0.0142 -0.9108 -0.4126
vn 0.0000 -0.4127 0.9109
vn -0.0142 0.9108 0.4126
vn 0.0000 0.4127 -0.9109
vn -0.9999 -0.0129 -0.0058
vn 0.9999 0.0129 0.0058
usemtl None
s off
f 185/323/139 186/324/139 188/325/139 187/326/139
f 187/326/140 188/325/140 192/327/140 191/328/140
f 191/328/141 192/327/141 190/329/141 189/330/141
f 189/330/142 190/329/142 186/331/142 185/332/142
f 187/333/143 191/328/143 189/330/143 185/334/143
f 192/327/144 188/335/144 186/336/144 190/329/144
o Cube.026_Cube
v -0.015840 0.053225 0.102772
v -0.012107 0.053386 0.102903
v -0.015840 0.050865 0.105671
v -0.012107 0.051027 0.105803
v -0.016048 0.056120 0.105128
v -0.012315 0.056281 0.105259
v -0.016048 0.053760 0.108027
v -0.012315 0.053922 0.108159
vt 0.375000 0.000000
vt 0.625000 0.000000
vt 0.625000 0.250000
vt 0.375000 0.250000
vt 0.625000 0.500000
vt 0.375000 0.500000
vt 0.625000 0.750000
vt 0.375000 0.750000
vt 0.625000 1.000000
vt 0.375000 1.000000
vt 0.125000 0.500000
vt 0.125000 0.750000
vt 0.875000 0.500000
vt 0.875000 0.750000
vn 0.0557 -0.7744 -0.6302
vn -0.0000 -0.6312 0.7756
vn -0.0557 0.7744 0.6302
vn 0.0000 0.6312 -0.7756
vn -0.9984 -0.0432 -0.0352
vn 0.9984 0.0432 0.0352
usemtl None
s off
f 193/337/145 194/338/145 196/339/145 195/340/145
f 195/340/146 196/339/146 200/341/146 199/342/146
f 199/342/147 200/341/147 198/343/147 197/344/147
f 197/344/148 198/343/148 194/345/148 193/346/148
f 195/347/149 199/342/149 197/344/149 193/348/149
f 200/341/150 196/349/150 194/350/150 198/343/150
o Cube.027_Cube
v -0.024659 0.061172 0.079622
v -0.017842 0.060821 0.079527
v -0.024659 0.059394 0.086213
v -0.017842 0.059043 0.086118
v -0.024296 0.067753 0.081397
v -0.017479 0.067403 0.081303
v -0.024296 0.065976 0.087988
v -0.017479 0.065625 0.087893
vt 0.375000 0.000000
vt 0.625000 0.000000
vt 0.625000 0.250000
vt 0.375000 0.250000
vt 0.625000 0.500000
vt 0.375000 0.500000
vt 0.625000 0.750000
vt 0.375000 0.750000
vt 0.625000 1.000000
vt 0.375000 1.000000
vt 0.125000 0.500000
vt 0.125000 0.750000
vt 0.875000 0.500000
vt 0.875000 0.750000
vn -0.0532 -0.9641 -0.2601
vn -0.0000 -0.2605 0.9655
vn 0.0532 0.9641 0.2601
vn 0.0000 0.2605 -0.9655
vn -0.9986 0.0514 0.0139
vn 0.9986 -0.0514 -0.0139
usemtl None
s off
f 201/351/151 202/352/151 204/353/151 203/354/151
f 203/354/152 204/353/152 208/355/152 207/356/152
f 207/356/153 208/355/153 206/357/153 205/358/153
f 205/358/154 206/357/154 202/359/154 201/360/154
f 203/361/155 207/356/155 205/358/155 201/362/155
f 208/355/156 204/363/156 202/364/156 206/357/156
o Cube.028_Cube
v -0.022140 0.062583 0.063033
v -0.015443 0.061905 0.063055
v -0.022140 0.062798 0.069761
v -0.015443 0.062120 0.069783
v -0.021463 0.069276 0.062819
v -0.014766 0.068599 0.062841
v -0.021463 0.069491 0.069547
v -0.014766 0.068814 0.069569
vt 0.375000 0.000000
vt 0.625000 0.000000
vt 0.625000 0.250000
vt 0.375000 0.250000
vt 0.625000 0.500000
vt 0.375000 0.500000
vt 0.625000 0.750000
vt 0.375000 0.750000
vt 0.625000 1.000000
vt 0.375000 1.000000
vt 0.125000 0.500000
vt 0.125000 0.750000
vt 0.875000 0.500000
vt 0.875000 0.750000
vn -0.1007 -0.9944 0.0318
vn 0.0000 0.0319 0.9995
vn 0.1007 0.9944 -0.0318
vn -0.0000 -0.0319 -0.9995
vn -0.9949 0.1006 -0.0032
vn 0.9949 -0.1006 0.0032
usemtl None
s off
f 209/365/157 210/366/157 212/367/157 211/368/157
f 211/368/158 212/367/158 216/369/158 215/370/158
f 215/370/159 216/369/159 214/371/159 213/372/159
f 213/372/160 214/371/160 210/373/160 209/374/160
f 211/375/161 215/370/161 213/372/161 209/376/161
f 216/369/162 212/377/162 210/378/162 214/371/162
o Cube.029_Cube
v -0.015342 0.049428 0.038652
v -0.008798 0.048569 0.039352
v -0.015342 0.053619 0.043799
v -0.008798 0.052760 0.044498
v -0.014234 0.054502 0.034520
v -0.007690 0.053643 0.035219
v -0.014234 0.058693 0.039666
v -0.007690 0.057834 0.040366
vt 0.375000 0.000000
vt 0.625000 0.000000
vt 0.625000 0.250000
vt 0.375000 0.250000
vt 0.625000 0.500000
vt 0.375000 0.500000
vt 0.625000 0.750000
vt 0.375000 0.750000
vt 0.625000 1.000000
vt 0.375000 1.000000
vt 0.125000 0.500000
vt 0.125000 0.750000
vt 0.875000 0.500000
vt 0.875000 0.750000
vn -0.1669 -0.7645 0.6226
vn 0.0000 0.6315 0.7754
vn 0.1669 0.7645 -0.6226
vn -0.0000 -0.6315 -0.7754
vn -0.9860 0.1294 -0.1054
vn 0.9860 -0.1294 0.1054
usemtl None
s off
f 217/379/163 218/380/163 220/381/163 219/382/163
f 219/382/164 220/381/164 224/383/164 223/384/164
f 223/384/165 224/383/165 222/385/165 221/386/165
f 221/386/166 222/385/166 218/387/166 217/388/166
f 219/389/167 223/384/167 221/386/167 217/390/167
f 224/383/168 220/391/168 218/392/168 222/385/168
o Cube.030_Cube
v -0.113002 0.038834 -0.005726
v -0.111012 0.042375 -0.006144
v -0.113002 0.039313 -0.001670
v -0.111012 0.042854 -0.002088
v -0.116569 0.040810 -0.005959
v -0.114578 0.044352 -0.006377
v -0.116569 0.041289 -0.001903
v -0.114578 0.044831 -0.002322
vt 0.375000 0.000000
vt 0.625000 0.000000
vt 0.625000 0.250000
vt 0.375000 0.250000
vt 0.625000 0.500000
vt 0.375000 0.500000
vt 0.625000 0.750000
vt 0.375000 0.750000
vt 0.625000 1.000000
vt 0.375000 1.000000
vt 0.125000 0.500000
vt 0.125000 0.750000
vt 0.875000 0.500000
vt 0.875000 0.750000
vn 0.8732 -0.4840 0.0572
vn 0.0000 0.1173 0.9931
vn -0.8732 0.4840 -0.0572
vn -0.0000 -0.1173 -0.9931
vn -0.4873 -0.8672 0.1024
vn 0.4873 0.8672 -0.1024
usemtl None
s off
f 225/393/169 226/394/169 228/395/169 227/396/169
f 227/396/170 228/395/170 232/397/170 231/398/170
f 231/398/171 232/397/171 230/399/171 229/400/171
f 229/400/172 230/399/172 226/401/172 225/402/172
f 227/403/173 231/398/173 229/400/173 225/404/173
f 232/397/174 228/405/174 226/406/174 230/399/174
o Cube.031_Cube
v -0.105823 0.047561 -0.007632
v -0.102059 0.050940 -0.008168
v -0.105823 0.048359 -0.002607
v -0.102059 0.051738 -0.003144
v -0.109245 0.051279 -0.008222
v -0.105480 0.054659 -0.008758
v -0.109245 0.052077 -0.003197
v -0.105480 0.055456 -0.003734
vt 0.375000 0.000000
vt 0.625000 0.000000
vt 0.625000 0.250000
vt 0.375000 0.250000
vt 0.625000 0.500000
vt 0.375000 0.500000
vt 0.625000 0.750000
vt 0.375000 0.750000
vt 0.625000 1.000000
vt 0.375000 1.000000
vt 0.125000 0.500000
vt 0.125000 0.750000
vt 0.875000 0.500000
vt 0.875000 0.750000
vn 0.6726 -0.7309 0.1160
vn 0.0000 0.1568 0.9876
vn -0.6726 0.7309 -0.1160
vn -0.0000 -0.1568 -0.9876
vn -0.7400 -0.6642 0.1055
vn 0.7400 0.6642 -0.1055
usemtl None
s off
f 233/407/175 234/408/175 236/409/175 235/410/175
f 235/410/176 236/409/176 240/411/176 239/412/176
f 239/412/177 240/411/177 238/413/177 237/414/177
f 237/414/178 238/413/178 234/415/178 233/416/178
f 235/417/179 239/412/179 237/414/179 233/418/179
f 240/411/180 236/419/180 234/420/180 238/413/180
o Cube.032_Cube
v -0.094723 0.053236 -0.028515
v -0.091427 0.055178 -0.028887
v -0.094723 0.053958 -0.024740
v -0.091427 0.055900 -0.025112
v -0.096700 0.056473 -0.029134
v -0.093404 0.058415 -0.029506
v -0.096700 0.057195 -0.025359
v -0.093404 0.059137 -0.025731
vt 0.375000 0.000000
vt 0.625000 0.000000
vt 0.625000 0.250000
vt 0.375000 0.250000
vt 0.625000 0.500000
vt 0.375000 0.500000
vt 0.625000 0.750000
vt 0.375000 0.750000
vt 0.625000 1.000000
vt 0.375000 1.000000
vt 0.125000 0.500000
vt 0.125000 0.750000
vt 0.875000 0.500000
vt 0.875000 0.750000
vn 0.5144 -0.8423 0.1611
vn 0.0000 0.1879 0.9822
vn -0.5144 0.8423 -0.1611
vn -0.0000 -0.1879 -0.9822
vn -0.8576 -0.5052 0.0966
vn 0.8576 0.5052 -0.0966
usemtl None
s off
f 241/421/181 242/422/181 244/423/181 243/424/181
f 243/424/182 244/423/182 248/425/182 247/426/182
f 247/426/183 248/425/183 246/427/183 245/428/183
f 245/428/184 246/427/184 242/429/184 241/430/184
f 243/431/185 247/426/185 245/428/185 241/432/185
f 248/425/186 244/433/186 242/434/186 246/427/186
o Cube.033_Cube
v -0.090304 0.055536 -0.030351
v -0.086909 0.057327 -0.030684
v -0.090304 0.056241 -0.026563
v -0.086909 0.058033 -0.026897
v -0.092126 0.058873 -0.030972
v -0.088731 0.060665 -0.031306
v -0.092126 0.059579 -0.027185
v -0.088731 0.061370 -0.027518
vt 0.375000 0.000000
vt 0.625000 0.000000
vt 0.625000 0.250000
vt 0.375000 0.250000
vt 0.625000 0.500000
vt 0.375000 0.500000
vt 0.625000 0.750000
vt 0.375000 0.750000
vt 0.625000 1.000000
vt 0.375000 1.000000
vt 0.125000 0.500000
vt 0.125000 0.750000
vt 0.875000 0.500000
vt 0.875000 0.750000
vn 0.4730 -0.8662 0.1613
vn -0.0000 0.1831 0.9831
vn -0.4730 0.8662 -0.1613
vn 0.0000 -0.1831 -0.9831
vn -0.8811 -0.4650 0.0866
vn 0.8811 0.4650 -0.0866
usemtl None
s off
f 249/435/187 250/436/187 252/437/187 251/438/187
f 251/438/188 252/437/188 256/439/188 255/440/188
f 255/440/189 256/439/189 254/441/189 253/442/189
f 253/442/190 254/441/190 250/443/190 249/444/190
f 251/445/191 255/440/191 253/442/191 249/446/191
f 256/439/192 252/447/192 250/448/192 254/441/192
o Cube.034_Cube
v -0.089098 0.058365 -0.018272
v -0.085465 0.060093 -0.018586
v -0.089098 0.059086 -0.014302
v -0.085465 0.060815 -0.014616
v -0.090855 0.061939 -0.018922
v -0.087221 0.063668 -0.019236
v -0.090855 0.062661 -0.014951
v -0.087221 0.064389 -0.015266
vt 0.375000 0.000000
vt 0.625000 0.000000
vt 0.625000 0.250000
vt 0.375000 0.250000
vt 0.625000 0.500000
vt 0.375000 0.500000
vt 0.625000 0.750000
vt 0.375000 0.750000
vt 0.625000 1.000000
vt 0.375000 1.000000
vt 0.125000 0.500000
vt 0.125000 0.750000
vt 0.875000 0.500000
vt 0.875000 0.750000
vn 0.4353 -0.8858 0.1610
vn -0.0000 0.1789 0.9839
vn -0.4353 0.8858 -0.1610
vn 0.0000 -0.1789 -0.9839
vn -0.9003 -0.4282 0.0778
vn 0.9003 0.4282 -0.0778
usemtl None
s off
f 257/449/193 258/450/193 260/451/193 259/452/193
f 259/452/194 260/451/194 264/453/194 263/454/194
f 263/454/195 264/453/195 262/455/195 261/456/195
f 261/456/196 262/455/196 258/457/196 257/458/196
f 259/459/197 263/454/197 261/456/197 257/460/197
f 264/453/198 260/461/198 258/462/198 262/455/198
o Cube.035_Cube
v -0.074769 0.063319 -0.015825
v -0.068634 0.064106 -0.015937
v -0.074769 0.064192 -0.009700
v -0.068634 0.064979 -0.009812
v -0.075564 0.069393 -0.016691
v -0.069428 0.070180 -0.016803
v -0.075564 0.070267 -0.010566
v -0.069428 0.071053 -0.010678
vt 0.375000 0.000000
vt 0.625000 0.000000
vt 0.625000 0.250000
vt 0.375000 0.250000
vt 0.625000 0.500000
vt 0.375000 0.500000
vt 0.625000 0.750000
vt 0.375000 0.750000
vt 0.625000 1.000000
vt 0.375000 1.000000
vt 0.125000 0.500000
vt 0.125000 0.750000
vt 0.875000 0.500000
vt 0.875000 0.750000
vn 0.1284 -0.9818 0.1400
vn -0.0000 0.1412 0.9900
vn -0.1284 0.9818 -0.1400
vn 0.0000 -0.1412 -0.9900
vn -0.9917 -0.1271 0.0181
vn 0.9917 0.1271 -0.0181
usemtl None
s off
f 265/463/199 266/464/199 268/465/199 267/466/199
f 267/466/200 268/465/200 272/467/200 271/468/200
f 271/468/201 272/467/201 270/469/201 269/470/201
f 269/470/202 270/469/202 266/471/202 265/472/202
f 267/473/203 271/468/203 269/470/203 265/474/203
f 272/467/204 268/475/204 266/476/204 270/469/204
o Cube.036_Cube
v -0.078113 0.060452 -0.028408
v -0.072596 0.062022 -0.028652
v -0.078113 0.061334 -0.022735
v -0.072596 0.062904 -0.022979
v -0.079702 0.065903 -0.029256
v -0.074185 0.067473 -0.029500
v -0.079702 0.066785 -0.023583
v -0.074185 0.068356 -0.023827
vt 0.375000 0.000000
vt 0.625000 0.000000
vt 0.625000 0.250000
vt 0.375000 0.250000
vt 0.625000 0.500000
vt 0.375000 0.500000
vt 0.625000 0.750000
vt 0.375000 0.750000
vt 0.625000 1.000000
vt 0.375000 1.000000
vt 0.125000 0.500000
vt 0.125000 0.750000
vt 0.875000 0.500000
vt 0.875000 0.750000
vn 0.2768 -0.9495 0.1477
vn -0.0000 0.1537 0.9881
vn -0.2768 0.9495 -0.1477
vn 0.0000 -0.1537 -0.9881
vn -0.9609 -0.2735 0.0425
vn 0.9609 0.2735 -0.0425
usemtl None
s off
f 273/477/205 274/478/205 276/479/205 275/480/205
f 275/480/206 276/479/206 280/481/206 279/482/206
f 279/482/207 280/481/207 278/483/207 277/484/207
f 277/484/208 278/483/208 274/485/208 273/486/208
f 275/487/209 279/482/209 277/484/209 273/488/209
f 280/481/210 276/489/210 274/490/210 278/483/210
o Cube.037_Cube
v -0.060128 0.063441 -0.020328
v -0.053380 0.062149 -0.020334
v -0.060128 0.063411 -0.013457
v -0.053380 0.062118 -0.013463
v -0.058836 0.070189 -0.020298
v -0.052088 0.068897 -0.020303
v -0.058836 0.070159 -0.013427
v -0.052088 0.068866 -0.013433
vt 0.375000 0.000000
vt 0.625000 0.000000
vt 0.625000 0.250000
vt 0.375000 0.250000
vt 0.625000 0.500000
vt 0.375000 0.500000
vt 0.625000 0.750000
vt 0.375000 0.750000
vt 0.625000 1.000000
vt 0.375000 1.000000
vt 0.125000 0.500000
vt 0.125000 0.750000
vt 0.875000 0.500000
vt 0.875000 0.750000
vn -0.1881 -0.9821 -0.0044
vn 0.0000 -0.0045 1.0000
vn 0.1881 0.9821 0.0044
vn -0.0000 0.0045 -1.0000
vn -0.9821 0.1881 0.0008
vn 0.9821 -0.1881 -0.0008
usemtl None
s off
f 281/491/211 282/492/211 284/493/211 283/494/211
f 283/494/212 284/493/212 288/495/212 287/496/212
f 287/496/213 288/495/213 286/497/213 285/498/213
f 285/498/214 286/497/214 282/499/214 281/500/214
f 283/501/215 287/496/215 285/498/215 281/502/215
f 288/495/216 284/503/216 282/504/216 286/497/216
o Cube.038_Cube
v -0.057203 0.063173 -0.027768
v -0.050717 0.062376 -0.027795
v -0.057203 0.062949 -0.021237
v -0.050717 0.062152 -0.021264
v -0.056405 0.069655 -0.027546
v -0.049919 0.068858 -0.027573
v -0.056405 0.069432 -0.021015
v -0.049919 0.068634 -0.021042
vt 0.375000 0.000000
vt 0.625000 0.000000
vt 0.625000 0.250000
vt 0.375000 0.250000
vt 0.625000 0.500000
vt 0.375000 0.500000
vt 0.625000 0.750000
vt 0.375000 0.750000
vt 0.625000 1.000000
vt 0.375000 1.000000
vt 0.125000 0.500000
vt 0.125000 0.750000
vt 0.875000 0.500000
vt 0.875000 0.750000
vn -0.1221 -0.9919 -0.0339
vn -0.0000 -0.0342 0.9994
vn 0.1221 0.9919 0.0339
vn 0.0000 0.0342 -0.9994
vn -0.9925 0.1220 0.0042
vn 0.9925 -0.1220 -0.0042
usemtl None
s off
f 289/505/217 290/506/217 292/507/217 291/508/217
f 291/508/218 292/507/218 296/509/218 295/510/218
f 295/510/219 296/509/219 294/511/219 293/512/219
f 293/512/220 294/511/220 290/513/220 289/514/220
f 291/515/221 295/510/221 293/512/221 289/516/221
f 296/509/222 292/517/222 290/518/222 294/511/222
o Cube.039_Cube
v -0.053618 0.063935 -0.044946
v -0.049342 0.063898 -0.044946
v -0.053618 0.063963 -0.040670
v -0.049342 0.063926 -0.040669
v -0.053582 0.068211 -0.044974
v -0.049305 0.068175 -0.044974
v -0.053582 0.068239 -0.040697
v -0.049305 0.068202 -0.040697
vt 0.375000 0.000000
vt 0.625000 0.000000
vt 0.625000 0.250000
vt 0.375000 0.250000
vt 0.625000 0.500000
vt 0.375000 0.500000
vt 0.625000 0.750000
vt 0.375000 0.750000
vt 0.625000 1.000000
vt 0.375000 1.000000
vt 0.125000 0.500000
vt 0.125000 0.750000
vt 0.875000 0.500000
vt 0.875000 0.750000
vn -0.0086 -0.9999 0.0065
vn 0.0000 0.0065 1.0000
vn 0.0086 0.9999 -0.0065
vn -0.0000 -0.0065 -1.0000
vn -1.0000 0.0086 -0.0000
vn 1.0000 -0.0086 0.0000
usemtl None
s off
f 297/519/223 298/520/223 300/521/223 299/522/223
f 299/522/224 300/521/224 304/523/224 303/524/224
f 303/524/225 304/523/225 302/525/225 301/526/225
f 301/526/226 302/525/226 298/527/226 297/528/226
f 299/529/227 303/524/227 301/526/227 297/530/227
f 304/523/228 300/531/228 298/532/228 302/525/228
o Cube.040_Cube
v -0.049373 0.062951 -0.039630
v -0.042994 0.062294 -0.039662
v -0.049373 0.062634 -0.033225
v -0.042994 0.061977 -0.033258
v -0.048715 0.069322 -0.039314
v -0.042337 0.068664 -0.039347
v -0.048715 0.069004 -0.032910
v -0.042337 0.068347 -0.032942
vt 0.375000 0.000000
vt 0.625000 0.000000
vt 0.625000 0.250000
vt 0.375000 0.250000
vt 0.625000 0.500000
vt 0.375000 0.500000
vt 0.625000 0.750000
vt 0.375000 0.750000
vt 0.625000 1.000000
vt 0.375000 1.000000
vt 0.125000 0.500000
vt 0.125000 0.750000
vt 0.875000 0.500000
vt 0.875000 0.750000
vn -0.1026 -0.9935 -0.0492
vn -0.0000 -0.0495 0.9988
vn 0.1026 0.9935 0.0492
vn 0.0000 0.0495 -0.9988
vn -0.9947 0.1025 0.0051
vn 0.9947 -0.1025 -0.0051
usemtl None
s off
f 305/533/229 306/534/229 308/535/229 307/536/229
f 307/536/230 308/535/230 312/537/230 311/538/230
f 311/538/231 312/537/231 310/539/231 309/540/231
f 309/540/232 310/539/232 306/541/232 305/542/232
f 307/543/233 311/538/233 309/540/233 305/544/233
f 312/537/234 308/545/234 306/546/234 310/539/234
o Cube.041_Cube
v -0.054925 0.060019 -0.062352
v -0.049016 0.060940 -0.062575
v -0.054925 0.061426 -0.056535
v -0.049016 0.062347 -0.056758
v -0.055872 0.065762 -0.063741
v -0.049964 0.066683 -0.063964
v -0.055872 0.067169 -0.057925
v -0.049964 0.068090 -0.058148
vt 0.375000 0.000000
vt 0.625000 0.000000
vt 0.625000 0.250000
vt 0.375000 0.250000
vt 0.625000 0.500000
vt 0.375000 0.500000
vt 0.625000 0.750000
vt 0.375000 0.750000
vt 0.625000 1.000000
vt 0.375000 1.000000
vt 0.125000 0.500000
vt 0.125000 0.750000
vt 0.875000 0.500000
vt 0.875000 0.750000
vn 0.1583 -0.9597 0.2322
vn -0.0000 0.2351 0.9720
vn -0.1583 0.9597 -0.2322
vn 0.0000 -0.2351 -0.9720
vn -0.9874 -0.1539 0.0372
vn 0.9874 0.1539 -0.0372
usemtl None
s off
f 313/547/235 314/548/235 316/549/235 315/550/235
f 315/550/236 316/549/236 320/551/236 319/552/236
f 319/552/237 320/551/237 318/553/237 317/554/237
f 317/554/238 318/553/238 314/555/238 313/556/238
